31807	5.712	5.746	5.838	5.909	6.107	6.193	6.452	6.663	6.746	6.971	7.171	7.22	7.162	8.172	7.728	6.855
31835	5.559	5.628	5.814	5.98	6.103	6.216	6.455	6.65	6.746	6.998	7.132	7.205	7.195	7.982	7.66	6.99
31867	5.681	5.887	5.972	6.186	6.418	6.456	6.704	6.858	7.062	7.248	7.423	7.5	7.515	8.147	7.944	7.449
31897	5.652	6.124	6.346	6.841	7.062	7.243	7.578	7.763	7.84	8.006	8.171	8.123	8.155	8.785	8.471	8.102
31926	5.869	6.343	6.501	7.094	7.432	7.515	7.855	8.016	8.12	8.32	8.428	8.419	8.392	8.87	8.609	8.263
31958	5.834	6.078	6.382	6.828	7.152	7.353	7.639	7.831	8.012	8.249	8.368	8.352	8.304	8.855	8.625	7.88
31989	6.182	6.32	6.641	6.939	7.188	7.49	7.841	7.99	8.136	8.408	8.6	8.629	8.619	9.169	8.911	8.543
32020	6.36	6.51	6.901	7.21	7.573	7.83	8.15	8.292	8.426	8.742	8.941	8.98	8.933	9.321	9.168	8.819
32050	6.753	7.042	7.555	7.891	8.192	8.448	8.774	9.019	9.102	9.396	9.521	9.594	9.528	9.949	9.725	9.464
32080	5.39	6.103	6.612	6.718	7.419	7.416	8.029	8.327	8.374	8.726	8.858	8.887	8.797	9.185	8.998	8.605
32111	5.451	6.277	6.772	6.887	7.485	7.56	7.97	8.275	8.463	8.869	8.921	8.979	8.922	9.229	9.06	8.717
32142	5.794	6.339	6.819	7.247	7.517	7.644	7.893	8.122	8.309	8.69	8.749	8.827	8.761	9.175	8.873	8.598
32171	5.759	6.209	6.451	6.724	7.017	7.058	7.377	7.584	7.683	8.055	8.176	8.229	8.239	8.66	8.4	8.168
32202	5.748	6.032	6.364	6.612	6.831	7.009	7.243	7.419	7.552	7.972	8.082	8.161	8.128	8.643	8.369	8.04
32233	5.825	6.216	6.506	6.854	7.094	7.283	7.557	7.789	7.978	8.39	8.504	8.566	8.539	9.083	8.788	8.481
32262	6.11	6.56	6.853	7.096	7.382	7.561	7.888	8.129	8.251	8.594	8.737	8.832	8.848	9.316	9.06	8.815
32294	6.657	7.066	7.339	7.67	7.9	8.058	8.278	8.526	8.656	8.954	9.065	9.157	9.134	9.499	9.284	8.798
32324	6.7	6.921	7.214	7.514	7.745	7.871	8.041	8.188	8.315	8.617	8.698	8.773	8.751	9.154	8.906	8.238
32353	7.081	7.382	7.568	7.91	8.083	8.191	8.387	8.514	8.596	8.904	8.977	9.071	9.042	9.404	9.363	8.648
32386	7.491	7.738	8.016	8.112	8.44	8.539	8.623	8.753	8.796	9.057	9.07	9.159	9.136	9.385	9.354	8.816
32416	7.412	7.709	7.919	7.98	8.184	8.276	8.374	8.415	8.498	8.669	8.701	8.77	8.754	9.081	9.038	8.53
32447	7.536	7.735	7.856	7.907	8.084	8.082	8.106	8.186	8.222	8.409	8.481	8.546	8.549	8.807	8.759	8.362
32477	8.001	8.245	8.385	8.469	8.687	8.647	8.65	8.736	8.735	8.854	8.884	8.914	8.894	9.091	8.904	8.696
32507	8.301	8.504	8.752	8.902	9.017	8.91	8.993	8.927	9.007	9.03	9.037	8.972	8.891	8.969	8.754	8.566
32539	8.537	8.701	8.794	8.889	8.983	8.912	8.87	8.888	8.835	8.819	8.843	8.808	8.773	8.76	8.573	8.468
32567	8.922	9.029	9.137	9.36	9.394	9.317	9.257	9.273	9.162	9.182	9.161	9.125	9.052	9.083	8.894	8.628
32598	9.131	9.324	9.343	9.628	9.66	9.525	9.463	9.348	9.293	9.164	9.123	9.043	8.993	9.016	8.833	8.605
32626	8.642	8.809	8.828	9.056	9.094	8.953	9.022	8.968	8.897	8.849	8.885	8.822	8.781	8.871	8.702	8.44
32659	8.823	8.708	8.628	8.771	8.747	8.611	8.616	8.598	8.547	8.517	8.509	8.437	8.356	8.578	8.429	8.211
32689	8.171	7.972	7.984	8.124	8.009	7.911	7.916	7.862	7.944	8.008	8.025	8.024	7.908	8.066	7.914	7.632
32720	7.893	7.66	7.588	7.503	7.514	7.367	7.458	7.443	7.443	7.536	7.69	7.753	7.727	7.991	7.845	7.677
32751	8.081	8.047	8.116	8.118	8.335	8.243	8.186	8.172	8.134	8.122	8.178	8.159	8.051	8.218	8.125	7.762
32780	8.092	8.175	8.339	8.315	8.361	8.267	8.299	8.207	8.229	8.218	8.243	8.202	8.094	8.308	8.169	7.731
32812	7.952	7.817	7.761	7.751	7.864	7.681	7.778	7.78	7.762	7.793	7.849	7.845	7.76	7.976	7.84	7.515
32842	7.762	7.631	7.575	7.674	7.67	7.591	7.638	7.688	7.686	7.736	7.774	7.792	7.678	7.981	7.851	7.515
32871	7.726	7.725	7.68	7.761	7.869	7.74	7.795	7.795	7.765	7.878	7.902	7.901	7.784	8.071	7.924	7.573
32904	7.923	7.959	7.996	8.081	8.203	8.103	8.173	8.22	8.25	8.219	8.308	8.338	8.279	8.564	8.418	8.007
32932	7.952	7.977	7.983	8.055	8.227	8.246	8.281	8.361	8.378	8.385	8.427	8.426	8.322	8.662	8.507	8.027
32962	7.99	8.075	8.121	8.293	8.441	8.439	8.549	8.466	8.535	8.518	8.531	8.547	8.457	8.688	8.596	8.083
32993	8.064	8.269	8.304	8.543	8.719	8.755	8.841	8.906	8.885	8.874	8.898	8.904	8.846	9.074	8.951	8.416
33024	7.927	7.974	7.996	8.126	8.298	8.312	8.368	8.462	8.487	8.479	8.51	8.509	8.405	8.709	8.529	8.047
33053	7.919	7.839	7.871	7.894	8.045	8.034	8.145	8.161	8.274	8.331	8.356	8.338	8.272	8.508	8.379	7.872
33085	7.665	7.569	7.594	7.576	7.739	7.744	7.868	7.957	8.04	8.166	8.261	8.243	8.292	8.502	8.395	8.047
33116	7.558	7.598	7.605	7.625	7.978	7.9	8.119	8.33	8.458	8.646	8.729	8.751	8.768	9.13	9.037	8.572
33144	7.296	7.398	7.563	7.589	7.83	7.84	8.049	8.207	8.393	8.62	8.698	8.716	8.748	9.051	8.982	8.617
33177	7.27	7.314	7.309	7.46	7.582	7.607	7.811	8.028	8.165	8.417	8.525	8.578	8.62	8.849	8.844	8.446
33207	7.175	7.221	7.219	7.337	7.44	7.369	7.555	7.761	7.869	8.1	8.186	8.218	8.18	8.511	8.464	8.061
33238	6.575	6.625	6.643	6.923	7.047	7.059	7.312	7.475	7.661	7.955	8.052	8.071	8.059	8.426	8.361	7.881
33269	6.324	6.379	6.425	6.613	6.88	6.925	7.167	7.44	7.528	7.824	7.967	8.01	8.092	8.376	8.329	7.883
33297	6.169	6.211	6.268	6.501	6.771	6.908	7.163	7.453	7.567	7.849	7.993	8.033	8.034	8.406	8.363	7.771
33325	5.865	5.95	6.088	6.356	6.779	6.915	7.234	7.54	7.627	7.948	8.045	8.072	8.055	8.426	8.398	7.819
33358	5.618	5.723	5.88	6.189	6.59	6.681	7.067	7.422	7.548	7.877	7.999	8.044	8.078	8.38	8.327	7.838
33389	5.642	5.837	5.908	6.056	6.54	6.77	7.051	7.455	7.619	7.966	8.044	8.115	8.086	8.458	8.429	7.89
33417	5.652	5.852	6.074	6.204	6.653	6.809	7.303	7.684	7.819	8.162	8.228	8.307	8.263	8.584	8.593	8.014
33450	5.64	5.818	6.002	6.087	6.485	6.695	7.115	7.519	7.71	8.032	8.096	8.194	8.215	8.493	8.498	8.043
33480	5.434	5.503	5.56	5.648	6.082	6.23	6.656	7.097	7.277	7.733	7.768	7.884	7.901	8.216	8.237	7.759
33511	5.208	5.257	5.336	5.374	5.781	5.929	6.321	6.729	6.867	7.362	7.406	7.549	7.592	7.774	8.026	7.61
33542	4.91	4.951	4.993	5.157	5.429	5.616	6.076	6.523	6.708	7.217	7.421	7.545	7.735	7.887	8.111	7.853
33571	4.429	4.5	4.589	4.793	5.103	5.285	5.796	6.359	6.449	7.181	7.343	7.561	7.648	7.916	8.215	7.951
33603	3.914	3.936	3.966	4.174	4.473	4.733	5.18	5.793	5.921	6.567	6.713	6.856	7.091	7.379	7.729	7.426
33634	3.905	4.008	4.103	4.342	4.809	5.043	5.752	6.251	6.426	7.034	7.342	7.469	7.642	7.785	8.04	7.671
33662	3.999	4.078	4.174	4.404	4.882	5.195	5.823	6.372	6.56	7.218	7.335	7.393	7.533	7.774	8.026	7.8
33694	4.103	4.259	4.364	4.612	5.169	5.567	6.249	6.75	6.92	7.45	7.589	7.638	7.713	7.95	8.169	7.883
33724	3.762	3.926	4.1	4.379	4.892	5.402	6.075	6.612	6.922	7.382	7.638	7.758	7.82	8.035	8.303	8.033
33753	3.756	3.911	4.036	4.185	4.698	5.118	5.806	6.311	6.623	7.17	7.374	7.537	7.418	7.881	8.132	7.81
33785	3.626	3.728	3.894	4.005	4.419	4.803	5.457	6	6.313	6.944	7.148	7.334	7.297	7.812	8.168	7.86
33816	3.231	3.347	3.487	3.582	4.014	4.37	5.005	5.565	5.847	6.392	6.689	6.876	6.921	7.442	7.834	7.622
33847	3.209	3.304	3.347	3.438	3.827	4.112	4.745	5.344	5.63	6.38	6.67	6.842	6.765	7.492	7.918	7.457
33877	2.728	2.891	2.984	3.107	3.482	3.777	4.407	4.98	5.359	6.146	6.451	6.638	6.659	7.406	7.891	7.592
33907	3.007	3.254	3.412	3.608	4.104	4.337	5.072	5.663	5.897	6.474	6.871	7.006	7.07	7.685	8.041	7.767
33938	3.327	3.547	3.691	3.925	4.468	4.742	5.432	5.971	6.248	6.795	6.997	6.994	7.208	7.655	7.921	7.574
33969	3.128	3.344	3.462	3.653	4.169	4.503	5.214	5.685	6.055	6.596	6.733	6.801	6.975	7.458	7.772	7.402
33998	2.949	3.129	3.227	3.448	3.829	4.144	4.784	5.236	5.589	6.124	6.444	6.626	6.685	7.229	7.673	7.325
34026	2.997	3.107	3.172	3.313	3.636	3.869	4.422	4.946	5.219	5.851	6.13	6.348	6.248	6.939	7.401	6.907
34059	2.929	3.057	3.18	3.355	3.667	3.918	4.494	4.962	5.251	5.905	6.105	6.252	6.319	6.999	7.484	6.912
34089	2.952	3.037	3.128	3.221	3.507	3.789	4.348	4.841	5.156	5.758	6.091	6.191	6.36	7.045	7.451	7.008
34117	3.129	3.284	3.447	3.582	3.949	4.182	4.665	5.074	5.373	5.934	6.162	6.244	6.432	6.983	7.401	7.098
34150	3.076	3.193	3.321	3.416	3.757	3.986	4.401	4.751	5.056	5.537	5.73	5.832	6.03	6.592	7.076	6.891
34180	3.08	3.252	3.353	3.497	3.846	4.084	4.532	4.834	5.152	5.592	5.744	5.849	6.022	6.492	6.864	6.748
34212	3.052	3.18	3.263	3.356	3.645	3.835	4.227	4.496	4.798	5.247	5.423	5.538	5.641	6.157	6.561	5.964
34242	2.968	3.098	3.224	3.376	3.66	3.85	4.203	4.549	4.78	5.192	5.336	5.504	5.617	6.2	6.644	5.785
34271	3.1	3.245	3.34	3.459	3.776	3.939	4.3	4.598	4.815	5.269	5.399	5.551	5.644	6.168	6.574	5.631
34303	3.188	3.363	3.498	3.634	3.949	4.174	4.536	4.909	5.148	5.611	5.778	5.928	6.04	6.497	6.839	5.999
34334	3.055	3.263	3.413	3.639	3.957	4.205	4.467	4.946	5.213	5.563	5.769	5.906	6.04	6.504	6.893	6.114
34365	3.007	3.203	3.361	3.519	3.824	4.079	4.438	4.746	5.018	5.411	5.596	5.718	5.85	6.305	6.695	6.108
34393	3.436	3.666	3.839	4.065	4.349	4.637	5.024	5.351	5.594	6.004	6.137	6.25	6.198	6.776	7.088	6.48
34424	3.536	3.879	4.195	4.48	4.873	5.169	5.665	5.984	6.206	6.613	6.72	6.86	6.875	7.269	7.471	6.841
34453	3.945	4.408	4.759	5.001	5.316	5.675	6.114	6.425	6.591	6.844	6.962	7.114	7.152	7.444	7.62	7.032
34485	4.277	4.769	5.091	5.301	5.634	5.929	6.321	6.559	6.726	6.971	7.074	7.2	7.235	7.569	7.789	7.138
34515	4.242	4.772	5.198	5.431	5.774	6.086	6.392	6.739	6.921	7.14	7.251	7.369	7.455	7.736	7.951	7.369
34544	4.377	4.82	5.113	5.308	5.661	5.907	6.22	6.494	6.673	6.88	7.013	7.124	7.284	7.44	7.615	7.211
34577	4.644	4.954	5.286	5.469	5.815	6.086	6.367	6.583	6.754	6.977	7.081	7.186	7.264	7.576	7.81	7.158
34607	4.776	5.366	5.63	5.884	6.218	6.497	6.796	7.044	7.218	7.399	7.511	7.617	7.679	7.953	8.156	7.434
34638	5.141	5.602	5.867	6.048	6.475	6.734	7.022	7.247	7.409	7.58	7.695	7.796	7.854	8.049	8.204	7.626
34668	5.659	6.129	6.464	6.841	7.108	7.263	7.518	7.618	7.673	7.686	7.759	7.848	7.856	7.994	8.102	7.655
34698	5.662	6.41	6.864	7.147	7.408	7.501	7.676	7.701	7.673	7.664	7.741	7.742	7.742	7.88	7.986	7.525
34730	5.895	6.302	6.566	6.748	7.014	7.127	7.315	7.392	7.419	7.459	7.514	7.502	7.561	7.7	7.805	7.421
34758	5.873	6.078	6.232	6.344	6.536	6.666	6.811	6.905	6.959	7.13	7.162	7.148	7.135	7.504	7.711	7.147
34789	5.823	6.019	6.217	6.354	6.549	6.672	6.826	6.922	6.973	7.055	7.196	7.161	7.201	7.484	7.635	7.119
34817	5.824	5.983	6.1	6.204	6.379	6.463	6.623	6.734	6.768	6.862	7.011	7.024	7.108	7.37	7.566	7.08
34850	5.743	5.737	5.697	5.701	5.754	5.78	5.879	5.959	5.996	6.124	6.269	6.331	6.331	6.7	6.915	6.453
34880	5.551	5.496	5.567	5.556	5.677	5.708	5.806	5.904	5.894	6.083	6.194	6.244	6.282	6.621	6.864	6.484
34911	5.527	5.514	5.542	5.578	5.684	5.79	5.969	6.082	6.076	6.287	6.417	6.483	6.543	6.846	7.063	6.753
34942	5.398	5.43	5.54	5.625	5.697	5.755	5.87	5.978	5.983	6.147	6.269	6.342	6.319	6.677	6.885	6.448
34971	5.353	5.479	5.521	5.652	5.723	5.721	5.832	5.923	5.91	6.034	6.159	6.223	6.202	6.554	6.755	6.196
35003	5.423	5.448	5.444	5.518	5.553	5.532	5.649	5.736	5.725	5.876	5.992	6.029	6.043	6.325	6.543	6.159
35033	5.424	5.366	5.303	5.325	5.331	5.277	5.362	5.458	5.454	5.649	5.761	5.779	5.719	6.145	6.39	5.969
35062	5.059	5.087	5.12	5.089	5.112	5.084	5.186	5.293	5.306	5.439	5.541	5.586	5.566	5.95	6.195	5.818
35095	4.997	4.893	4.867	4.892	4.869	4.87	5.018	5.141	5.19	5.461	5.533	5.613	5.606	6.028	6.272	5.943
35124	4.979	4.984	5.087	5.144	5.28	5.363	5.496	5.629	5.667	5.975	6.061	6.175	6.108	6.542	6.769	6.256
35153	5.099	5.142	5.251	5.421	5.585	5.692	5.855	6.014	6.044	6.294	6.336	6.388	6.324	6.799	6.983	6.357
35185	5.103	5.222	5.367	5.537	5.833	5.94	6.131	6.284	6.32	6.567	6.627	6.68	6.634	7.015	7.148	6.544
35216	5.138	5.284	5.482	5.679	5.996	6.157	6.368	6.51	6.562	6.759	6.805	6.841	6.787	7.116	7.214	6.654
35244	5.168	5.312	5.476	5.647	5.887	6.011	6.242	6.338	6.378	6.576	6.666	6.7	6.674	6.97	7.089	6.637
35277	5.28	5.4	5.614	5.872	6	6.117	6.323	6.434	6.493	6.642	6.717	6.748	6.749	7.008	7.122	6.752
35307	5.249	5.412	5.628	5.828	6.124	6.229	6.465	6.588	6.634	6.823	6.881	6.904	6.902	7.198	7.331	6.809
35338	5.07	5.246	5.481	5.668	5.878	6.008	6.213	6.341	6.386	6.584	6.646	6.655	6.677	6.989	7.123	6.676
35369	5.118	5.21	5.275	5.442	5.575	5.666	5.833	5.968	6.007	6.265	6.284	6.274	6.302	6.636	6.841	6.495
35398	5.098	5.171	5.204	5.372	5.455	5.506	5.644	5.71	5.755	5.942	5.995	5.997	6.014	6.374	6.563	6.17
35430	5.108	5.242	5.33	5.46	5.69	5.79	5.977	6.081	6.143	6.298	6.346	6.35	6.387	6.666	6.812	6.433
35461	5.12	5.211	5.351	5.491	5.723	5.835	6.004	6.085	6.182	6.333	6.419	6.43	6.48	6.789	6.953	6.633
35489	5.196	5.315	5.436	5.589	5.838	6.009	6.161	6.253	6.318	6.436	6.471	6.51	6.488	6.844	7.006	6.545
35520	5.286	5.465	5.716	5.915	6.175	6.335	6.528	6.639	6.675	6.814	6.861	6.866	6.826	7.144	7.269	6.82
35550	5.27	5.465	5.676	5.809	6.066	6.193	6.351	6.447	6.492	6.637	6.692	6.692	6.651	6.972	7.124	6.74
35580	5.14	5.417	5.533	5.79	5.95	6.12	6.26	6.385	6.412	6.553	6.613	6.629	6.594	6.908	7.078	6.734
35611	5.206	5.258	5.465	5.612	5.857	5.991	6.126	6.278	6.309	6.43	6.477	6.485	6.429	6.788	6.938	6.622
35642	5.203	5.25	5.277	5.505	5.59	5.657	5.726	5.791	5.832	5.946	6.007	6.006	5.962	6.276	6.453	6.166
35671	5.185	5.31	5.403	5.691	5.822	5.869	6.021	6.117	6.129	6.287	6.335	6.348	6.252	6.625	6.752	6.443
35703	5.023	5.167	5.29	5.567	5.67	5.712	5.809	5.918	5.911	6.057	6.093	6.116	6.035	6.378	6.555	6.257
35734	5.173	5.234	5.281	5.303	5.561	5.56	5.63	5.668	5.633	5.82	5.84	5.872	5.77	6.12	6.304	6.018
35762	5.257	5.34	5.45	5.453	5.73	5.708	5.764	5.812	5.753	5.856	5.841	5.855	5.808	6.037	6.169	5.874
35795	5.299	5.362	5.395	5.415	5.582	5.578	5.629	5.652	5.632	5.69	5.704	5.729	5.683	5.877	6.068	5.735
35825	5.154	5.17	5.2	5.167	5.32	5.261	5.286	5.363	5.309	5.457	5.481	5.491	5.491	5.777	5.989	5.663
35853	5.274	5.256	5.32	5.334	5.464	5.465	5.488	5.554	5.508	5.607	5.614	5.631	5.541	5.899	6.094	5.791
35885	5.134	5.181	5.249	5.318	5.516	5.503	5.573	5.6	5.544	5.658	5.676	5.672	5.574	5.904	6.089	5.799
35915	4.962	5.172	5.275	5.333	5.506	5.509	5.557	5.598	5.562	5.677	5.691	5.679	5.602	5.941	6.125	5.796
35944	5.036	5.249	5.313	5.353	5.492	5.46	5.517	5.563	5.478	5.581	5.606	5.613	5.462	5.765	5.979	5.635
35976	5.029	5.17	5.264	5.341	5.435	5.403	5.482	5.484	5.385	5.478	5.496	5.492	5.346	5.574	5.779	5.443
36007	5.049	5.148	5.251	5.424	5.422	5.418	5.461	5.494	5.467	5.519	5.525	5.515	5.419	5.67	5.868	5.55
36038	4.846	4.86	4.867	5.028	4.914	4.815	4.902	4.904	4.862	4.986	5.027	5.019	5.047	5.358	5.483	5.127
36068	4.313	4.414	4.435	4.572	4.416	4.277	4.35	4.308	4.347	4.351	4.433	4.429	4.444	5.067	5.427	4.768
36098	4.323	4.314	4.235	4.385	4.313	4.164	4.311	4.358	4.482	4.444	4.651	4.612	4.67	5.304	5.723	4.928
36129	4.472	4.543	4.496	4.635	4.555	4.475	4.528	4.642	4.563	4.634	4.775	4.731	4.663	5.118	5.572	4.802
36160	4.432	4.489	4.47	4.58	4.602	4.519	4.6	4.658	4.591	4.683	4.751	4.648	4.599	5.336	5.646	4.782
36189	4.437	4.417	4.467	4.459	4.614	4.529	4.578	4.599	4.526	4.69	4.73	4.642	4.625	5.327	5.557	4.808
36217	4.642	4.666	4.791	4.854	5.071	5.084	5.22	5.285	5.208	5.363	5.381	5.294	5.254	5.866	6.006	5.24
36250	4.453	4.46	4.543	4.669	4.934	4.938	5.072	5.152	5.171	5.364	5.389	5.295	5.232	5.949	6.108	5.275
36280	4.518	4.586	4.568	4.715	4.955	5.011	5.139	5.212	5.268	5.374	5.374	5.352	5.362	5.997	6.068	5.333
36308	4.649	4.77	4.798	4.944	5.27	5.343	5.518	5.61	5.644	5.764	5.753	5.677	5.513	6.168	6.184	5.448
36341	4.744	4.946	4.819	5.182	5.363	5.456	5.568	5.638	5.76	5.849	5.862	5.813	5.712	6.328	6.37	5.584
36371	4.713	4.803	4.838	5.288	5.425	5.556	5.675	5.824	5.923	6.053	6.026	5.935	5.832	6.456	6.45	5.74
36403	4.906	5.115	5.066	5.456	5.6	5.647	5.787	5.928	5.969	6.132	6.109	6.036	5.863	6.497	6.556	5.49
36433	4.805	4.899	5.021	5.376	5.528	5.55	5.653	5.807	5.88	6.041	6.018	5.952	5.793	6.581	6.548	5.5
36462	5.03	5.196	5.263	5.523	5.677	5.721	5.817	5.994	6.045	6.117	6.095	6.052	5.953	6.594	6.595	5.67
36494	5.249	5.468	5.573	5.767	5.878	5.928	5.989	6.091	6.143	6.227	6.199	6.17	6.142	6.802	6.626	5.801
36525	5.327	5.643	5.847	5.897	6.128	6.148	6.222	6.301	6.39	6.47	6.441	6.412	6.387	6.922	6.831	5.973
36556	5.645	5.829	6.096	6.17	6.474	6.505	6.561	6.551	6.66	6.635	6.589	6.59	6.556	6.704	6.58	6.098
36585	5.734	5.94	6.135	6.101	6.378	6.441	6.506	6.488	6.569	6.555	6.506	6.465	6.235	6.467	6.293	5.686
36616	5.827	6.059	6.151	6.303	6.379	6.391	6.339	6.263	6.253	6.153	6.11	6.043	6.047	6.16	6.041	5.34
36644	5.856	6.076	6.147	6.452	6.565	6.565	6.49	6.484	6.456	6.374	6.283	6.204	6.04	6.268	6.155	5.428
36677	5.584	6.224	6.096	6.27	6.664	6.597	6.536	6.523	6.453	6.367	6.297	6.214	6.116	6.382	6.274	5.41
36707	5.839	6.136	6.036	6.398	6.341	6.282	6.203	6.21	6.158	6.142	6.082	6.002	5.904	6.229	6.181	5.358
36738	6.198	6.279	6.284	6.367	6.296	6.204	6.228	6.177	6.133	6.066	6.02	5.963	5.913	6.092	6.014	5.265
36769	6.256	6.276	6.212	6.131	6.184	6.088	6.023	5.959	5.932	5.874	5.815	5.785	5.573	5.931	5.885	5.238
36798	6.166	6.192	6.11	6.196	6.067	5.883	5.871	5.82	5.797	5.851	5.832	5.829	5.704	6.157	6.11	5.511
36830	6.31	6.263	6.134	6.209	6.036	5.824	5.825	5.771	5.706	5.762	5.748	5.747	5.666	6.005	5.987	5.428
36860	6.162	6.077	5.934	5.835	5.763	5.555	5.538	5.484	5.389	5.413	5.408	5.455	5.41	5.774	5.791	5.338
36889	5.849	5.622	5.373	5.432	5.272	5.047	5.089	5.048	4.99	5.114	5.121	5.129	5.098	5.611	5.663	5.257
36922	4.973	4.754	4.585	4.655	4.638	4.567	4.71	4.813	4.847	5.014	5.072	5.125	5.162	5.652	5.736	5.367
36950	4.833	4.632	4.516	4.418	4.451	4.386	4.565	4.653	4.699	4.866	4.94	5.008	4.859	5.546	5.624	5.103
36980	4.266	4.054	4.062	4.16	4.165	4.185	4.404	4.54	4.621	4.84	4.935	5.027	4.92	5.666	5.78	5.277
37011	3.85	3.913	3.87	4.036	4.171	4.278	4.641	4.829	4.937	5.205	5.328	5.421	5.371	5.982	6.113	5.62
37042	3.601	3.547	3.537	3.792	4.051	4.219	4.624	4.866	4.977	5.24	5.357	5.443	5.436	5.996	6.118	5.556
37071	3.628	3.592	3.788	3.88	4.096	4.233	4.664	4.921	5.069	5.294	5.407	5.447	5.478	6.011	6.083	5.556
37103	3.521	3.423	3.472	3.458	3.655	3.774	4.223	4.498	4.671	4.897	5.029	5.081	5.165	5.712	5.825	5.414
37134	3.335	3.265	3.313	3.331	3.505	3.614	4.057	4.324	4.497	4.733	4.881	4.931	4.844	5.548	5.658	5.284
37162	2.367	2.353	2.454	2.517	2.681	2.823	3.424	3.765	4.056	4.416	4.606	4.704	4.684	5.606	5.794	5.436
37195	2.027	1.928	1.915	1.957	2.177	2.37	2.962	3.362	3.675	4.018	4.231	4.387	4.367	5.181	5.348	4.743
37225	1.784	1.779	1.948	2.052	2.484	2.844	3.515	3.913	4.103	4.609	4.788	4.824	4.911	5.787	5.841	5.015
37256	1.709	1.787	1.864	2.053	2.564	3.066	3.813	4.23	4.442	4.91	5.099	5.115	5.205	5.967	5.97	5.193
37287	1.752	1.888	2.052	2.278	2.673	3.15	3.81	4.245	4.519	4.884	5.065	5.073	5.205	5.86	5.9	5.189
37315	1.756	1.854	2.02	2.197	2.617	3.04	3.623	4.079	4.358	4.742	4.938	4.967	4.931	5.81	5.862	5.237
37344	1.785	2.114	2.476	2.69	3.229	3.679	4.326	4.727	5.004	5.316	5.476	5.495	5.461	6.224	6.214	5.565
37376	1.75	1.886	2.034	2.25	2.755	3.218	3.86	4.297	4.584	4.932	5.102	5.148	5.194	5.886	5.94	5.469
37407	1.722	1.881	2.092	2.27	2.774	3.187	3.735	4.122	4.414	4.827	5.002	5.077	5.187	5.938	6.022	5.495
37435	1.694	1.743	1.849	1.942	2.447	2.882	3.461	3.864	4.15	4.605	4.784	4.861	4.994	5.823	5.948	5.431
37468	1.693	1.678	1.686	1.724	1.895	2.223	2.854	3.293	3.636	4.199	4.401	4.527	4.717	5.612	5.81	5.267
37498	1.667	1.646	1.69	1.748	1.885	2.109	2.549	2.989	3.285	3.889	4.045	4.167	4.236	5.237	5.44	4.875
37529	1.543	1.489	1.418	1.431	1.571	1.682	2.035	2.396	2.671	3.352	3.517	3.661	3.75	4.939	5.215	4.716
37560	1.434	1.412	1.33	1.337	1.505	1.664	2.127	2.532	2.876	3.595	3.797	3.948	4.101	5.26	5.53	5.061
37589	1.219	1.297	1.423	1.507	1.795	2.034	2.609	3.031	3.321	3.995	4.153	4.268	4.308	5.36	5.587	4.992
37621	1.183	1.199	1.191	1.209	1.373	1.583	2.034	2.464	2.809	3.486	3.685	3.867	3.977	5.025	5.297	4.825
